100-2,14.80,-4.92,21.21,-73.5,130.5,24.4,-0.115,-0.344,1.595,39
100-3,1.31,2.00,12.86,-48.1,137.8,125.8,-0.069,-0.388,0.995,36
100-4,-6.57,4.20,27.25,-58.6,119.2,116.2,0.080,-0.135,0.964,38
100-5,-23.51,21.34,32.47,-56.6,91.8,131.8,0.411,-0.394,1.217,64
100-0,-12.82,-0.93,-34.25,40.1,6.7,95.4,0.177,-0.204,0.842,93
100-1,41.42,29.44,-37.19,51.3,103.6,-50.2,0.312,0.328,0.375,26
100-2,12.83,-7.53,18.61,-46.2,37.3,65.4,0.041,0.092,0.695,39
100-3,-0.75,-0.86,9.17,-65.6,60.0,90.9,0.145,0.099,0.530,36
100-4,-8.70,0.92,24.56,-77.4,55.8,76.5,0.144,0.199,0.090,38
100-5,-24.57,18.15,30.79,-60.4,-35.0,31.3,0.033,0.332,-0.086,65
100-0,-12.67,-4.57,-36.07,-95.0,135.2,45.8,-0.578,0.303,0.698,93
100-1,40.95,28.89,-37.27,-125.5,-207.7,32.2,0.063,0.181,-0.423,26
100-2,10.37,-7.53,17.04,-113.7,-211.6,34.6,-0.327,0.189,-2.124,39
100-3,-3.25,-0.51,7.25,-81.0,-202.7,12.7,0.074,0.283,-1.665,36
100-4,-10.96,4.37,22.41,-28.7,-396.2,0.4,0.085,0.286,-1.585,38
100-5,-26.41,27.96,26.33,89.4,-779.7,-27.6,-0.376,0.137,-1.767,65
100-0,-19.41,-2.14,-35.36,-104.0,-364.6,-172.2,-2.050,-0.921,0.092,93
100-1,38.14,43.79,-28.57,-213.0,-639.0,246.6,0.356,-0.890,-0.665,28
100-2,7.86,17.35,19.33,-20.4,-1152.9,8.6,1.178,0.682,-2.298,36
100-3,-3.86,26.39,7.33,0.7,-1334.2,-160.5,1.900,0.563,-2.936,36
100-4,-11.21,37.76,19.79,-16.3,-1491.7,-275.5,2.027,1.043,-2.851,37
100-5,-53.76,68.79,-14.49,113.4,-1609.1,-140.1,2.188,0.798,-1.844,65
100-0,-12.67,29.01,-40.42,448.4,-1194.2,-10.4,-0.971,-0.013,-1.374,93
100-1,53.96,75.10,-3.66,-93.3,-811.9,308.4,1.316,0.360,0.091,31
100-2,28.37,75.95,46.16,-127.9,-1989.3,210.0,4.046,-5.860,-3.541,36
100-3,179.59,84.43,-167.78,35.4,-1985.0,46.9,4.455,-0.807,-2.720,34
100-4,170.35,71.93,-166.44,434.4,-1986.7,-367.7,3.423,-0.486,-3.387,37
100-5,175.42,37.02,-149.09,-364.9,-1671.0,-1010.9,2.676,-0.963,-3.049,65
100-0,-44.24,71.08,-79.39,-605.0,-1018.7,404.8,1.838,1.227,-1.937,93
100-1,-174.03,77.26,126.99,516.6,-217.3,315.0,3.475,0.917,2.692,30
100-2,-178.54,40.59,-151.81,-83.0,-1086.9,262.0,3.664,-1.385,-0.934,37
100-3,-179.20,23.70,-162.11,35.3,-952.5,79.7,3.540,-1.078,-0.098,35
100-4,176.46,15.76,-163.68,62.5,-744.5,-50.5,2.755,-0.829,-0.718,38
100-5,162.46,-9.35,-164.06,179.2,-457.5,-412.6,1.873,-0.476,-0.433,65
100-0,-125.49,59.98,-141.70,-179.9,-162.7,63.9,3.126,-2.803,-1.056,93
100-1,-137.25,68.96,159.62,-23.3,-45.6,215.8,0.402,0.731,-0.777,33
100-2,-171.64,17.55,-147.11,116.5,-297.6,127.1,1.117,0.938,-0.522,39
100-3,-174.79,4.88,-160.59,41.9,-169.7,54.9,1.399,0.885,-0.791,36
100-4,-179.37,1.28,-163.37,-9.3,-51.7,20.6,1.853,0.855,-0.939,37
100-5,164.85,-16.53,-166.73,-33.7,81.7,44.5,1.561,0.879,-1.129,65
100-0,-118.12,63.49,-138.57,188.3,57.2,-139.9,1.720,-0.777,-0.451,93
100-1,-140.87,67.69,156.02,-8.4,-24.7,-183.4,1.256,0.126,-0.311,34
100-2,-170.87,19.39,-147.82,-58.6,368.8,-132.3,1.883,0.158,-0.453,39
100-3,-176.14,11.88,-161.09,-84.4,539.2,-51.8,1.990,-0.043,-0.687,35
100-4,177.29,13.13,-163.07,-168.8,708.1,73.1,2.139,0.101,-0.693,38
100-5,162.37,2.38,-163.03,-60.7,792.7,463.1,1.629,0.122,-0.719,65
100-0,-99.16,70.88,-124.66,89.7,307.0,-81.8,1.575,-0.196,-0.618,93
100-1,-129.76,76.90,167.15,131.1,925.8,-79.8,2.945,-0.629,1.271,34
100-2,-175.88,54.35,-151.64,23.2,1560.3,-266.8,3.193,-1.075,-0.835,39
100-3,-176.93,56.91,-161.50,121.5,1930.6,-118.5,3.600,-1.230,-1.319,36
100-4,167.20,64.49,-166.31,-92.7,1987.5,231.5,3.656,-0.513,-1.987,38
100-5,178.69,64.70,-148.09,464.5,1998.0,468.0,5.866,0.561,-0.978,65
100-0,-50.48,64.97,-77.51,127.0,754.6,111.2,1.442,-0.572,0.040,93
100-1,-9.83,55.17,-77.53,445.4,966.4,-96.9,0.832,0.974,-1.550,32
100-2,5.15,58.43,23.71,-71.0,1486.3,166.7,3.378,-1.453,0.202,39
100-3,-7.50,53.31,9.93,-96.0,1407.6,296.1,2.758,-1.189,-1.010,36
100-4,-4.54,49.73,20.25,89.2,1228.8,283.0,2.026,0.523,0.594,38
100-5,-3.69,57.06,33.17,-612.1,817.5,166.2,0.232,-2.774,-1.832,65
100-0,-25.51,40.99,-54.91,248.7,824.9,37.4,1.199,-0.121,-0.271,93
100-1,14.95,37.49,-59.99,255.9,304.3,-550.8,1.280,1.446,2.283,18
100-2,1.07,16.91,17.83,17.7,835.5,-34.0,1.345,-0.393,-0.055,38
100-3,-7.50,15.62,7.22,19.6,867.0,149.2,1.659,-0.751,0.365,37
100-4,-9.19,16.67,18.66,-93.7,774.0,93.8,1.414,-0.281,1.146,38
100-5,-19.99,32.42,24.07,-297.2,772.8,229.6,1.018,0.696,1.101,65
100-0,-18.08,5.88,-44.42,-73.9,1175.3,133.9,-0.009,-0.009,-1.043,93
100-1,32.71,19.63,-44.86,452.7,197.1,-413.8,0.260,-0.885,0.688,26
100-2,4.98,-5.67,16.85,188.5,511.5,60.8,0.961,-0.661,1.395,38
100-3,-4.48,-8.58,4.74,85.1,580.1,116.9,1.124,-0.286,1.050,36
100-4,-11.78,-6.57,19.90,-119.9,588.4,77.1,1.180,0.040,0.751,38
100-5,-27.63,11.51,27.54,-302.7,544.7,121.2,0.964,0.566,0.914,65
100-0,-15.29,-30.73,-39.89,274.9,759.0,219.9,-0.893,0.074,-0.347,93
100-1,51.37,8.60,-40.77,515.5,118.1,-259.7,0.344,0.511,0.658,22
100-2,11.53,-25.51,11.48,118.0,602.5,64.7,1.171,-0.481,0.412,37
100-3,-2.27,-29.04,1.76,14.6,587.5,118.1,1.234,-0.274,0.428,36
100-4,-18.00,-27.15,22.12,-160.4,586.6,109.7,1.135,0.103,0.450,39
100-5,-37.85,-5.03,34.44,-330.7,458.3,117.4,0.456,0.270,0.530,65
100-0,-4.72,-56.61,-43.33,91.3,588.0,108.1,-0.648,0.356,-0.181,93
100-1,68.93,-2.15,-38.21,494.6,-14.7,-308.7,0.025,0.110,-0.038,22
100-2,22.53,-44.06,1.57,170.6,476.7,59.2,0.632,-0.219,-0.050,37
100-3,3.07,-48.23,-3.76,59.8,476.6,99.5,0.886,-0.134,-0.078,36
100-4,-25.16,-46.06,26.39,-117.3,467.8,102.2,0.829,0.134,-0.242,38
100-5,-48.91,-18.66,41.12,-242.4,386.9,156.2,0.473,0.365,0.148,65
100-0,7.95,-77.47,-54.52,46.5,649.2,110.0,-0.620,-0.003,-0.798,93
100-1,84.33,-10.82,-31.52,374.3,-188.5,-218.8,-0.077,-0.705,-0.142,26
100-2,39.57,-55.60,-12.82,171.1,332.2,52.3,0.208,-0.451,-1.950,38
100-3,13.22,-60.72,-12.34,135.5,268.3,84.8,0.286,-0.303,-2.193,35
100-4,-30.94,-59.34,31.87,89.9,273.6,80.5,0.023,-0.157,-2.228,38
100-5,-58.15,-29.67,50.61,47.0,317.0,69.0,0.121,-0.375,-1.684,65
100-0,80.56,-83.08,-124.29,107.7,-334.7,54.8,-0.640,-0.085,-0.672,93
100-1,91.88,-12.08,-28.49,68.3,-103.7,176.2,-0.587,-0.542,-0.554,21
100-2,55.30,-58.52,-23.48,176.6,-132.8,52.4,-1.129,0.170,-3.456,35
100-3,26.55,-62.82,-19.33,190.2,-232.0,25.9,-0.634,0.585,-3.478,36
100-4,-23.34,-61.35,31.50,257.2,-266.0,-2.2,-0.573,0.432,-3.088,38
100-5,-52.10,-32.98,52.99,373.5,-317.4,-34.0,-0.387,0.427,-2.385,65
100-0,37.03,-77.10,-74.17,196.4,-492.7,-74.4,-2.978,0.272,-0.277,93
100-1,85.41,0.84,-20.66,-341.3,-330.7,514.5,0.638,-0.678,-0.207,28
100-2,42.91,-47.75,-4.15,29.9,-688.6,-27.1,1.040,0.555,-2.636,35
100-3,18.93,-44.78,-3.36,115.8,-851.6,-121.1,2.102,0.960,-2.318,35
100-4,-8.70,-38.73,27.10,334.7,-948.1,-167.9,2.344,1.463,-1.658,38
100-5,-27.52,-9.77,40.55,635.0,-1118.3,-263.1,1.708,1.576,-0.932,64
100-0,6.49,-39.39,-35.35,166.7,-1746.5,-177.2,-2.205,0.900,-2.565,93
100-1,72.13,29.11,-7.22,-512.2,-605.7,795.4,3.105,-0.375,1.651,29
100-2,26.53,-14.88,23.62,-35.0,-1370.6,13.0,4.951,-0.775,-0.303,34
100-3,12.88,-5.06,15.07,29.0,-1391.1,-118.7,5.391,-0.348,0.220,36
100-4,2.06,4.09,32.29,311.1,-1334.9,-190.4,4.643,1.152,0.135,38
100-5,-6.85,38.33,36.84,408.0,-1408.0,-240.7,3.930,1.872,-0.674,65
100-0,5.50,32.60,-23.84,-311.8,-1989.5,-37.9,1.347,1.408,-4.905,93
100-1,52.44,62.34,-5.56,-438.5,-310.5,809.4,2.421,-0.274,2.982,31
100-2,28.48,32.49,43.61,-50.1,-1414.2,140.6,5.129,-0.319,1.606,39
100-3,17.04,45.09,31.69,-158.5,-1526.2,-46.8,5.666,-1.258,1.567,36
100-4,21.07,53.54,52.39,108.9,-1586.4,-136.7,5.168,-0.657,1.082,38
100-5,100.37,80.99,143.65,-182.2,-1518.8,-389.2,5.242,-0.117,-0.535,65
100-0,-93.25,86.66,-107.28,-498.8,-1414.4,215.0,4.044,-1.663,-2.152,93
100-1,-20.23,74.69,-77.08,-70.0,223.7,338.0,2.338,3.581,1.917,29
100-2,58.94,72.70,86.53,-147.4,-742.8,304.2,4.508,-0.579,4.294,38
100-3,112.37,80.83,138.78,-163.7,-783.5,140.7,4.383,-2.382,4.191,36
100-4,133.99,69.57,171.19,-8.5,-623.8,103.5,4.642,-1.457,3.653,37
100-5,154.00,44.15,-154.31,31.9,-430.0,-16.2,5.239,-2.977,1.217,65
100-0,-135.43,75.29,-147.38,211.6,166.9,232.3,2.712,-1.198,-0.782,93
100-1,-17.31,66.07,-72.77,187.0,223.5,-38.9,1.538,-0.100,1.446,25
100-2,36.55,79.34,64.61,114.3,637.1,161.7,4.038,-0.349,4.102,40
100-3,121.29,89.70,146.15,186.2,775.4,278.2,4.366,-1.127,3.675,36
100-4,139.18,80.65,174.14,97.3,831.5,325.3,4.470,-0.558,2.126,37
100-5,172.81,58.12,-141.64,345.0,834.4,434.6,4.556,-0.570,-0.012,65
100-0,-78.55,72.03,-98.09,351.5,644.3,169.1,2.422,-0.318,-1.231,93
100-1,11.13,57.09,-56.10,486.4,239.2,-409.3,1.160,1.284,0.880,29
100-2,5.48,47.30,25.91,137.4,1009.4,166.7,3.605,-0.219,0.853,41
100-3,-11.89,52.01,5.73,140.2,1111.0,277.5,4.306,-0.234,0.987,36
100-4,-12.25,61.00,18.72,-15.7,999.6,372.4,3.874,0.468,0.072,38
100-5,-83.20,75.26,-40.08,8.4,944.9,509.3,3.465,0.370,-0.351,65
100-0,-23.05,42.67,-51.42,375.0,1276.8,-17.7,1.121,0.251,-1.902,93
100-1,46.64,42.39,-33.18,481.7,29.9,-645.0,1.062,0.387,0.627,30
100-2,7.35,12.79,17.73,181.7,944.2,38.0,3.001,-0.332,-0.170,40
100-3,-8.87,12.99,3.86,119.7,991.4,233.3,3.415,-0.241,-0.284,36
100-4,-17.80,23.58,14.20,-87.5,987.8,332.6,3.357,0.852,-0.631,37
100-5,-49.45,43.65,-1.07,-81.8,825.3,607.6,2.588,1.014,-0.635,65
100-0,-7.66,-10.69,-40.90,191.4,1684.7,251.6,-0.041,0.966,-3.141,93
100-1,70.42,23.90,-17.49,356.5,-87.1,-657.8,1.320,-0.285,0.290,30
100-2,15.32,-16.93,10.78,236.4,771.9,40.0,2.269,-0.732,-1.077,40
100-3,-3.70,-18.28,-0.37,154.0,733.9,204.9,2.474,-0.254,-1.210,36
100-4,-20.56,-7.81,13.34,-34.7,690.1,308.8,1.923,0.542,-1.535,37
100-5,-47.97,13.49,5.67,9.1,695.2,475.0,1.692,1.520,-0.958,65
100-0,-1.35,-60.96,-45.89,76.0,1077.5,177.2,-1.291,0.279,-1.639,93
100-1,84.89,2.81,-7.51,201.0,-51.5,-519.3,0.805,-1.584,0.632,30
100-2,27.51,-37.27,-0.58,121.0,535.2,71.4,0.629,-0.386,-2.714,39
100-3,4.69,-38.26,-8.70,120.3,483.5,165.5,0.011,0.810,-3.242,35
100-4,-21.34,-31.97,11.70,70.7,573.9,150.7,-0.864,1.618,-3.301,37
100-5,-49.57,-10.94,19.31,0.9,575.5,14.0,-0.989,0.773,-2.628,65
100-0,115.02,-83.15,-163.14,103.4,-472.6,79.2,-4.391,-0.433,-2.027,93
100-1,89.09,-0.79,-5.12,127.9,-329.8,288.7,-1.020,-1.075,-1.830,28
100-2,37.11,-41.08,-8.92,128.0,-404.8,34.3,-2.387,1.212,-4.182,36
100-3,11.53,-40.86,-10.91,156.6,-450.8,-72.6,-1.647,1.064,-4.554,35
100-4,-17.51,-31.64,14.15,265.2,-489.0,-160.2,-1.705,0.758,-3.673,37
100-5,-45.16,-9.09,21.87,402.5,-501.0,-206.7,-1.026,1.077,-2.355,65
100-0,21.97,-67.63,-61.30,349.8,-934.1,12.7,-2.327,0.656,-1.241,93
100-1,92.79,17.62,2.89,-48.5,-20.0,717.2,1.365,-0.900,0.142,28
100-2,31.33,-23.16,5.75,-0.9,-711.0,6.5,1.293,0.492,-2.888,36
100-3,11.06,-16.99,-1.00,62.6,-850.3,-138.8,2.346,1.385,-2.574,35
100-4,-8.56,-6.07,17.57,272.4,-848.0,-332.4,2.279,2.090,-2.477,37
100-5,-28.68,17.77,19.61,391.2,-882.4,-492.6,1.701,2.054,-1.480,65
100-0,9.75,-19.97,-39.48,-12.3,-1643.6,-102.2,-1.146,1.060,-3.242,93
100-1,87.48,49.70,8.00,-338.3,-111.2,960.5,3.006,-0.701,0.819,31
100-2,26.31,10.16,24.31,-111.0,-1283.8,-14.9,4.943,-0.263,-2.114,38
100-3,11.64,21.16,14.20,-57.9,-1272.1,-216.6,5.414,0.471,-1.800,35
100-4,2.80,32.77,29.76,131.5,-1254.1,-436.2,4.744,2.283,-2.167,37
100-5,-5.52,64.19,30.74,192.3,-1366.8,-572.2,4.293,2.573,-1.906,64
100-0,7.66,42.59,-26.56,-227.4,-1603.5,-58.1,1.320,0.636,-3.334,93
100-1,24.02,84.68,-44.15,-263.2,-106.9,1107.1,3.499,0.987,1.529,28
100-2,36.43,53.73,52.80,-179.0,-1456.0,48.2,5.653,-0.879,-0.560,40
100-3,37.12,68.62,53.58,-67.5,-1640.7,-139.6,6.652,-2.270,-0.290,35
100-4,81.38,71.79,113.78,246.4,-1698.6,-319.8,5.820,-1.074,-0.700,38
100-5,152.82,50.34,-164.35,-195.0,-1627.1,-297.8,6.235,-0.912,-1.034,64
100-0,-161.35,82.75,176.31,-437.7,-1409.5,406.2,4.384,-0.296,-1.951,93
100-1,-74.78,67.43,-137.89,-89.5,177.1,284.6,2.455,-0.071,2.168,30
100-2,138.45,70.61,164.92,16.6,-706.4,373.3,5.680,0.302,6.487,39
100-3,157.09,58.70,-178.35,87.3,-550.7,216.0,5.067,-1.521,5.679,36
100-4,154.77,47.15,-172.57,94.9,-204.4,211.5,4.876,-0.918,2.634,37
100-5,156.70,20.43,-155.96,302.4,20.3,187.5,4.830,-0.807,-0.320,65
100-0,-129.69,74.90,-148.15,218.8,246.6,241.2,1.835,-0.730,-0.307,93
100-1,-54.86,61.27,-120.12,170.7,203.8,-138.9,1.076,0.034,-0.031,27
100-2,156.36,79.21,-178.33,128.2,592.8,66.6,3.119,1.085,0.492,41
100-3,174.30,70.05,-164.79,163.7,674.7,139.3,3.508,1.012,0.287,37
100-4,158.89,62.84,-170.36,-3.5,662.7,136.1,3.096,1.540,-0.370,37
100-5,169.98,40.94,-150.05,213.3,841.1,219.8,3.344,1.940,-1.080,65
100-0,-74.92,75.23,-97.87,150.4,511.6,-53.5,1.991,-0.597,-0.952,93
100-1,-30.06,65.91,-100.67,180.6,-50.7,-320.7,0.714,0.278,0.050,29
100-2,20.44,72.19,41.56,126.1,817.9,-98.9,2.342,-0.077,-0.196,41
100-3,3.15,78.69,21.32,44.9,955.6,-24.1,2.749,-0.169,-0.118,37
100-4,40.82,80.33,70.27,-46.9,1035.9,90.7,2.545,0.365,-0.838,38
100-5,146.33,79.16,-173.45,-214.9,1196.5,68.1,2.182,0.129,-0.979,64
100-0,-17.63,55.39,-44.26,239.2,1000.4,-35.1,0.883,-0.218,-0.927,93
100-1,8.77,71.93,-66.73,216.4,-130.0,-403.6,0.879,0.361,0.515,28
100-2,17.66,45.00,33.62,109.3,702.2,-126.7,1.586,-0.790,0.334,41
100-3,2.18,45.72,18.45,58.4,822.6,33.2,1.506,-0.916,-0.496,36
100-4,4.16,48.83,34.41,-84.3,880.8,98.4,1.489,-0.540,-0.806,38
100-5,-3.70,61.45,41.89,-180.0,895.9,250.9,0.867,0.014,-0.718,65
100-0,-2.20,13.67,-36.28,283.5,1282.8,16.5,-0.313,0.315,-1.540,93
100-1,57.88,67.07,-23.26,196.5,-143.7,-396.4,0.767,0.488,0.399,29
100-2,18.66,21.95,27.06,140.6,616.4,-3.2,0.783,-0.262,-0.574,40
100-3,2.54,23.06,13.35,103.8,554.6,126.0,0.767,-0.063,-0.460,36
100-4,-2.08,25.59,27.47,-41.0,480.1,136.8,0.605,0.358,-0.488,38
100-5,-16.78,39.62,32.79,-157.8,377.4,290.3,0.180,0.316,-0.582,65
100-0,5.43,-21.96,-40.14,106.9,493.8,24.2,-2.313,0.680,0.983,93
100-1,78.59,55.09,-5.46,110.8,-106.6,-348.9,0.532,-0.228,0.529,31
100-2,21.34,4.00,21.02,70.6,468.7,-28.4,0.313,-0.123,-0.449,40
100-3,4.28,5.77,9.02,26.1,463.1,61.2,0.249,0.117,-0.707,36
100-4,-5.84,10.86,24.42,-92.9,323.3,85.2,-0.152,0.113,-0.904,37
100-5,-25.42,29.36,27.56,-175.4,108.5,169.1,-0.267,0.114,-0.433,65
100-0,4.84,-29.00,-40.52,33.7,112.6,-4.1,-0.533,-0.219,0.264,93
100-1,85.45,45.43,-1.43,81.5,-57.3,-208.5,0.170,-0.108,-0.189,32
100-2,23.19,-4.49,17.84,48.9,-65.3,-2.6,-0.727,0.267,-1.549,40
100-3,4.75,-1.51,6.91,17.2,-102.5,9.0,-0.371,0.484,-1.071,35
100-4,-8.22,8.17,22.39,-21.7,-239.9,16.1,-0.431,0.438,-1.067,38
100-5,-34.48,32.26,18.31,-56.2,-612.5,107.6,-0.548,0.056,-1.386,65
100-0,7.85,-32.72,-39.90,161.4,-16.3,-59.0,-1.329,0.130,0.277,93
100-1,95.53,40.23,12.69,-57.8,-526.3,-103.4,0.083,0.696,-0.740,31
100-2,24.19,11.61,25.50,-56.9,-906.1,-23.2,-0.150,0.500,-1.017,40
100-3,5.51,15.29,11.38,-73.4,-1030.7,-156.6,0.014,0.412,-1.231,36
100-4,-11.04,34.00,20.34,-107.6,-1174.4,-50.8,0.605,-0.490,-0.454,37
100-5,-66.98,54.35,-22.64,-97.9,-1270.5,78.7,0.503,-0.242,-0.918,65
100-0,9.31,-22.14,-33.35,68.2,-657.6,-147.6,-0.581,0.846,0.210,93
100-1,104.08,32.18,40.63,-369.6,-735.0,-72.0,1.338,1.157,0.142,22
100-2,23.24,50.13,40.69,-324.9,-1102.7,240.0,1.042,-0.891,-0.257,39
100-3,-7.38,59.95,6.27,-136.9,-1181.8,384.6,0.724,0.043,-0.305,35
100-4,-58.72,70.45,-32.41,-88.1,-1298.7,234.2,1.255,1.102,-0.379,37
100-5,-139.04,47.79,-100.61,-140.1,-1171.5,-494.5,1.988,1.154,0.014,65
100-0,-2.49,-3.13,-30.00,-698.7,-235.3,100.3,1.211,-0.047,1.075,93
100-1,106.90,24.33,74.98,-145.1,-769.2,83.2,1.546,1.243,0.273,33
100-2,27.79,83.36,52.58,-115.5,-542.9,114.1,1.379,0.322,0.522,41
100-3,-106.78,77.17,-90.61,-186.1,-533.2,51.3,1.420,-0.400,-0.015,36
100-4,-137.71,59.33,-115.28,-135.0,-516.1,49.8,1.179,-1.223,-0.701,38
100-5,-160.62,28.08,-126.83,-141.7,-434.0,-110.0,1.163,-1.218,-0.911,64
100-0,-15.94,-3.11,-29.75,117.9,171.1,12.9,0.363,-1.754,1.030,93
100-1,108.49,22.65,88.24,-83.6,-125.8,14.2,1.333,1.005,-0.311,36
100-2,178.09,82.16,-153.44,-37.7,-214.9,21.9,1.601,-0.668,-0.259,40
100-3,-142.40,68.45,-124.22,-30.5,-170.8,-24.5,2.064,-0.827,-0.170,36
100-4,-147.99,49.82,-126.04,-34.2,-57.9,-46.0,2.141,-0.981,-0.687,38
100-5,-165.61,23.28,-131.50,-37.4,70.5,-23.7,1.701,-0.990,-1.014,65
100-0,-4.41,-6.79,-29.02,217.7,68.1,15.7,0.048,0.965,2.718,93
100-1,108.48,24.71,88.32,68.5,105.7,79.8,1.152,1.433,-0.360,35
100-2,166.56,81.33,-164.91,23.3,118.5,-69.3,1.739,-0.286,-0.270,41
100-3,-143.74,70.82,-126.19,28.3,173.8,-61.0,1.767,-0.485,-0.232,37
100-4,-146.68,54.59,-124.62,-8.3,263.6,-48.9,1.499,-0.526,-0.546,38
100-5,-163.47,31.52,-127.63,-41.5,386.1,112.4,1.402,-0.244,-0.654,65
100-0,-6.73,-6.25,-29.60,-69.3,-96.2,-11.8,0.187,-0.276,1.585,93
100-1,109.55,33.02,83.12,84.3,360.0,58.0,3.016,2.489,0.069,35
100-2,63.52,85.24,91.03,-11.6,636.8,-94.9,1.668,0.095,1.266,41
100-3,-83.66,80.39,-65.92,-15.3,892.2,-101.1,2.223,0.019,0.706,36
100-4,-114.30,71.96,-87.37,-79.5,1100.8,-103.4,2.389,-0.220,0.142,38
100-5,-144.70,54.92,-96.76,-84.4,1386.2,569.6,2.776,-0.477,0.022,65
100-0,-8.06,-2.68,-30.49,-123.3,-122.4,71.1,0.459,0.079,1.084,93
100-1,93.48,44.92,51.02,254.6,1220.2,210.0,0.955,1.022,-0.664,36
100-2,11.87,42.22,32.67,115.8,1993.0,74.1,2.849,-1.052,-0.243,38
100-3,-7.63,41.53,13.73,-33.8,1911.4,-12.8,2.753,-2.186,-0.347,36
100-4,-23.99,38.51,16.82,5.7,1923.2,60.8,3.496,-0.939,-0.571,38
100-5,-41.90,41.69,14.54,398.2,1662.8,-481.7,2.943,0.735,0.095,65
100-0,-16.47,-6.32,-34.22,-260.1,475.3,89.4,1.115,-0.987,0.632,93
100-1,62.59,39.77,-5.68,330.9,715.7,24.3,-0.267,1.437,-1.469,36
100-2,17.53,-9.36,19.16,219.1,579.2,-113.9,-0.744,1.008,0.581,40
100-3,-2.25,-6.47,13.09,271.6,515.5,50.3,-0.388,1.561,0.895,37
100-4,-12.45,-4.18,29.59,214.1,824.4,63.7,0.007,-0.189,0.557,38
100-5,-29.07,9.71,40.90,288.0,334.7,394.4,-0.023,-0.391,-0.166,65
100-0,-14.75,-29.73,-31.48,621.5,585.2,201.4,-0.648,-0.708,-1.142,93
100-1,65.13,31.43,-15.33,173.9,113.6,-178.1,0.211,1.252,1.191,35
100-2,24.04,-23.11,16.78,81.6,311.2,-64.9,-0.497,-0.214,1.188,39
100-3,4.01,-21.50,11.43,79.3,360.4,111.9,-0.314,0.133,0.190,36
100-4,-10.73,-22.01,30.68,-49.5,322.9,73.5,-0.060,-0.015,0.023,38
100-5,-29.23,-4.59,41.77,-126.5,195.9,41.5,-0.269,-0.487,-0.683,65
100-0,8.30,-45.75,-36.54,-77.7,82.2,-8.2,-1.838,2.384,0.540,93
100-1,69.12,24.49,-14.90,22.4,-7.7,-114.2,-0.160,-0.469,-0.189,36
100-2,26.10,-30.67,14.29,-7.6,86.2,-20.0,-0.256,-0.261,-1.708,40
100-3,5.54,-29.25,8.86,-12.8,36.1,36.2,-0.242,-0.026,-2.186,36
100-4,-12.61,-27.72,30.58,-23.6,-109.1,23.3,-0.327,0.046,-2.267,38
100-5,-32.60,-7.39,41.81,3.7,-259.3,-15.1,-0.367,0.182,-2.036,65
100-0,-3.49,-46.49,-35.54,-226.1,-0.4,-75.3,-1.636,-0.569,-0.467,93
100-1,67.07,25.70,-13.29,-153.4,-3.1,157.6,0.124,-0.279,0.443,36
100-2,21.60,-25.48,17.02,-139.9,-264.1,-15.2,-0.112,0.012,-1.391,39
100-3,3.40,-21.12,9.98,-94.6,-385.4,-74.5,0.244,0.190,-1.688,36
100-4,-12.18,-14.89,28.71,-12.2,-576.8,-72.1,0.488,0.397,-1.716,38
100-5,-30.24,10.72,34.78,177.1,-861.8,-187.6,0.695,0.702,-1.854,65
100-0,-8.53,-29.65,-32.88,-92.2,-853.4,-154.8,-1.496,0.427,-0.713,93
100-1,54.15,31.97,-20.88,-355.7,124.6,292.4,0.257,0.016,0.453,35
100-2,13.98,-12.06,22.35,-181.2,-583.8,-33.6,0.795,-0.255,-1.655,39
100-3,-0.93,-1.03,14.22,-120.1,-745.2,-155.6,1.593,0.169,-1.534,36
100-4,-11.56,12.18,28.09,39.9,-907.0,-204.1,1.951,0.424,-1.316,38
100-5,-26.50,46.08,28.12,117.3,-976.3,-390.9,1.558,0.424,-0.674,65
100-0,-14.87,5.56,-33.12,-217.7,-1070.9,-242.7,-0.604,-0.177,-0.942,93
100-1,33.13,41.73,-30.37,-447.7,-205.9,351.5,0.556,-0.368,-0.040,35
100-2,10.26,22.19,31.82,-33.2,-1284.4,-150.3,3.751,0.052,-0.877,40
100-3,-0.48,42.06,21.13,35.3,-1454.2,-189.1,4.745,-0.495,-0.509,36
100-4,-3.52,59.51,33.46,77.9,-1460.2,-372.2,4.031,0.118,-0.192,38
100-5,-167.82,76.03,-124.20,205.3,-1596.8,-184.5,4.301,3.608,-0.416,65
100-0,-24.16,51.46,-42.82,-131.8,-1445.6,-127.8,0.981,0.408,-2.236,93
100-1,3.03,53.97,-50.29,-309.9,-78.1,475.1,1.775,-0.347,2.117,34
100-2,27.18,65.82,53.69,105.0,-1040.5,181.8,4.583,-1.013,2.110,40
100-3,80.13,86.94,104.24,-9.2,-936.2,-63.1,4.584,-0.883,1.762,36
100-4,146.43,73.26,179.85,236.5,-853.8,-239.3,4.423,-0.904,1.228,38
100-5,163.91,40.87,-153.06,64.2,-490.7,-353.2,3.844,-1.457,-0.035,65
100-0,-136.73,66.94,-148.90,-218.2,-832.1,-90.4,6.268,-3.371,-2.870,93
100-1,-18.31,48.41,-71.91,116.8,241.0,226.3,1.781,1.621,3.163,32
100-2,119.39,83.74,144.61,82.4,-226.6,159.8,3.308,-0.212,4.298,40
100-3,173.14,69.48,-164.11,110.5,-53.1,110.4,4.010,-1.334,3.131,37
100-4,163.89,58.48,-168.64,127.7,122.3,100.3,4.242,-0.828,1.897,38
100-5,168.47,37.01,-154.42,204.2,225.0,159.6,4.230,-0.980,0.538,65
100-0,-113.59,66.45,-131.43,148.0,303.2,217.8,2.088,-0.176,-0.619,93
100-1,-9.35,38.13,-67.67,275.8,268.5,-184.7,1.136,0.271,2.009,16
100-2,17.67,82.55,40.80,9.6,676.6,44.1,3.604,-0.291,2.562,40
100-3,-137.74,84.07,-118.40,99.5,928.7,164.0,4.025,-0.821,2.603,37
100-4,166.41,81.30,-166.83,-161.4,970.2,203.7,3.911,-0.124,1.196,38
100-5,-176.12,64.89,-140.51,-47.4,1047.4,298.9,3.740,0.670,-0.026,65
100-0,-75.52,58.37,-92.98,194.2,785.3,287.0,2.007,-0.507,-1.299,93
100-1,11.32,28.06,-56.85,551.7,256.2,-303.3,0.630,0.820,0.909,28
100-2,0.56,46.22,20.87,62.4,1180.9,161.4,3.970,-0.605,1.023,41
100-3,-16.85,51.04,2.27,40.9,1220.0,264.8,4.087,-0.538,0.383,37
100-4,-15.59,56.91,13.92,-100.6,1150.0,357.9,3.471,0.491,-0.394,38
100-5,-53.30,70.68,-8.98,-183.6,931.8,583.9,2.314,-0.359,-0.243,64
100-0,-37.37,26.76,-57.61,473.1,1381.2,284.7,0.941,0.381,-2.194,93
100-1,36.68,15.85,-45.18,558.9,63.0,-482.7,0.503,0.147,0.519,31
100-2,2.62,6.29,15.74,153.4,939.9,23.7,2.443,-0.128,-0.710,40
100-3,-13.55,10.99,3.21,86.1,928.8,256.2,2.865,0.326,-0.311,37
100-4,-21.08,21.40,13.15,-155.0,874.5,321.3,2.767,1.044,0.030,38
100-5,-50.54,37.85,0.79,-165.8,608.0,609.9,2.293,1.273,0.465,64
100-0,-20.76,-27.54,-40.78,359.3,1428.7,264.6,-1.686,1.315,-3.316,93
100-1,57.12,5.99,-33.81,579.6,-72.7,-396.1,0.302,-0.142,0.162,35
100-2,9.55,-22.72,11.48,210.5,797.5,38.0,2.096,-0.400,-0.666,40
100-3,-9.77,-20.47,2.58,135.5,801.0,176.2,2.231,-0.215,-0.784,37
100-4,-25.29,-10.83,16.61,-67.7,767.1,233.3,2.028,0.321,-0.934,38
100-5,-52.06,10.32,9.00,-124.0,738.8,457.0,1.830,0.692,-0.505,65
100-0,-15.71,-67.86,-34.25,238.9,1036.9,190.1,-1.297,0.448,-0.824,92
100-1,78.76,-6.17,-22.17,543.5,-284.9,-428.0,0.236,-0.545,-0.546,33
100-2,25.42,-45.50,1.65,359.8,582.4,28.2,1.124,-0.557,-2.279,40
100-3,0.44,-44.42,-1.57,336.2,588.1,118.6,1.128,0.117,-2.456,36
100-4,-26.02,-35.77,21.71,229.6,643.2,73.5,0.609,0.488,-2.033,38
100-5,-51.09,-11.52,21.23,192.5,654.5,77.0,0.948,0.695,-0.817,65
100-0,154.39,-80.51,160.86,254.9,484.8,338.7,-3.045,-0.485,-1.505,93
100-1,92.12,-12.45,-15.45,313.5,-95.5,189.3,-0.400,-0.977,-0.701,34
100-2,53.34,-57.82,-16.53,362.8,180.9,82.1,-1.144,-0.151,-3.854,35
100-3,20.91,-58.86,-9.60,381.0,142.7,75.3,-0.911,-0.200,-4.020,35
100-4,-20.51,-52.10,31.86,388.7,189.0,11.2,-1.370,-0.487,-4.114,38
100-5,-49.94,-27.67,46.77,361.1,537.6,-106.1,-1.701,-1.217,-4.341,65
100-0,90.71,-79.27,-119.96,323.2,-596.9,159.6,-1.728,1.019,-0.867,93
100-1,95.85,-1.92,-9.21,-64.1,-231.6,420.5,0.434,-0.322,0.279,33
100-2,56.00,-50.84,-7.39,132.2,-523.7,112.8,0.244,0.451,-1.898,35
100-3,27.64,-48.82,-5.06,145.7,-605.6,29.8,0.601,0.638,-2.330,36
100-4,-6.30,-43.61,30.06,301.1,-601.8,-19.3,0.276,0.727,-2.630,38
100-5,-31.41,-21.28,42.66,469.2,-789.1,-91.1,0.208,1.506,-2.136,65
100-0,25.91,-58.79,-48.76,-76.0,-1104.3,0.5,-1.941,0.728,-1.073,93
100-1,89.78,19.92,1.93,-319.9,-294.7,724.9,1.924,0.206,0.908,33
100-2,39.83,-29.97,15.87,-95.4,-976.6,119.5,2.581,-0.344,-0.906,36
100-3,19.98,-20.94,10.39,-37.0,-1081.3,-21.9,3.182,0.051,-0.959,36
100-4,2.37,-11.99,31.44,206.9,-1117.7,-89.7,3.168,1.060,-1.077,38
100-5,-15.93,16.33,33.65,319.0,-1297.8,-160.6,2.764,1.115,-1.156,65
100-0,8.75,-8.36,-29.02,-140.9,-1616.3,-25.9,-0.196,0.541,-2.362,93
100-1,80.54,46.79,9.52,-400.9,-186.0,712.9,2.184,0.817,0.841,31
100-2,31.75,6.38,34.90,-89.3,-1197.6,179.0,4.042,-0.197,0.494,37
100-3,17.63,20.87,24.15,-70.0,-1296.7,38.3,4.712,-0.184,0.631,35
100-4,11.73,31.88,41.35,176.7,-1334.8,-143.0,4.478,0.421,-0.085,38
100-5,-11.04,67.84,28.91,-181.6,-1304.2,-304.5,5.074,2.313,-1.233,64
100-0,3.54,46.30,-21.73,-252.8,-1437.7,-50.4,1.603,0.313,-2.515,93
100-1,67.96,71.94,11.06,-320.8,-219.2,560.9,2.119,1.731,1.953,32
100-2,35.97,46.62,56.08,-308.9,-1113.1,181.4,4.280,0.396,2.783,39
100-3,27.03,63.51,48.22,-333.4,-1150.8,-91.4,4.710,-0.853,2.164,36
100-4,49.25,70.89,86.97,-116.6,-1186.7,-212.5,4.970,-0.346,1.733,38
100-5,148.67,66.11,-160.99,-314.0,-1060.1,-363.7,5.577,-1.451,0.567,65
100-0,-127.10,84.22,-137.40,-490.8,-551.1,83.4,6.805,-2.947,-2.392,93
100-1,40.37,81.25,-10.31,-50.0,115.3,57.8,1.954,1.794,1.504,26
100-2,55.88,68.61,89.04,-121.2,-385.3,102.8,3.894,-0.706,4.452,40
100-3,104.29,77.30,136.53,-26.3,-226.2,45.6,4.242,-1.754,4.543,37
100-4,121.63,69.24,163.94,102.5,39.2,65.0,4.443,-1.435,3.868,37
100-5,152.35,51.91,-152.89,194.7,242.7,170.7,4.669,-1.949,1.247,64
100-0,-45.15,76.10,-55.57,236.4,344.7,121.1,1.863,-0.731,-0.520,93
100-1,45.96,74.37,-7.27,210.5,98.4,-261.6,1.569,0.962,1.097,28
100-2,40.42,63.85,70.46,110.3,687.7,-4.3,3.382,-0.137,2.195,42
100-3,38.11,76.37,65.10,151.4,876.0,153.4,3.703,-0.498,1.761,38
100-4,57.66,76.53,96.03,-3.5,856.0,233.8,3.673,0.219,0.839,38
100-5,175.62,79.16,-137.14,203.9,832.8,414.9,3.392,0.260,-0.354,64
100-0,-15.47,57.86,-36.05,362.3,930.1,43.4,1.675,0.103,-0.730,92
100-1,64.59,60.74,0.90,367.4,187.8,-458.2,1.080,0.906,0.609,31
100-2,24.92,38.29,45.45,100.9,881.9,-15.0,2.614,-0.041,0.221,41
100-3,8.80,47.39,27.31,124.2,929.9,140.7,2.898,-0.068,0.058,38
100-4,5.57,52.01,40.81,-44.8,839.0,241.4,2.521,0.575,-0.552,38
100-5,-37.68,68.94,6.63,10.5,716.3,393.0,1.816,0.726,-0.728,65
100-0,-0.29,17.26,-29.32,189.7,1326.1,-60.2,0.380,0.337,-1.237,93
100-1,78.67,42.64,4.08,279.4,19.3,-550.8,0.753,0.593,0.098,32
100-2,24.16,12.51,34.12,111.7,683.8,-80.8,1.419,0.164,-0.726,41
100-3,7.01,19.60,18.25,71.0,667.0,62.8,1.479,0.127,-1.124,37
100-4,-3.54,26.31,30.37,-79.9,641.1,179.4,1.244,0.658,-1.015,38
100-5,-35.18,45.94,10.69,-40.7,539.3,330.9,0.970,0.678,-0.687,65
100-0,-0.44,-30.60,-31.62,-162.3,1169.3,73.2,-1.844,0.123,-2.726,93
100-1,88.35,24.02,8.12,143.9,-79.0,-508.0,0.527,-0.274,0.292,32
100-2,26.41,-7.35,28.96,47.7,499.7,-120.1,0.626,-0.364,-0.840,41
100-3,8.43,0.55,14.49,45.1,499.3,13.0,0.499,-0.072,-1.024,36
100-4,-7.14,6.10,27.38,-85.2,523.9,110.0,0.161,0.339,-1.189,38
100-5,-34.95,26.02,14.69,-36.8,581.2,200.9,-0.176,0.860,-1.114,65
100-0,3.16,-57.43,-35.35,170.9,632.9,94.9,-1.615,-0.295,0.190,93
100-1,91.72,11.42,10.66,60.9,29.4,-146.3,0.048,-1.604,0.382,33
100-2,29.46,-23.52,22.85,44.2,456.0,-2.9,-0.468,-0.728,-2.046,40
100-3,9.97,-16.13,11.63,51.2,410.8,-21.4,-0.677,-0.086,-2.162,37
100-4,-8.24,-10.23,28.25,44.8,340.3,-26.4,-0.881,-0.072,-1.715,37
100-5,-33.35,12.88,23.41,17.3,245.0,-139.5,-0.901,-0.253,-1.046,65
100-0,17.58,-68.42,-47.45,-12.4,-179.9,48.5,-2.954,0.087,0.086,93
100-1,94.64,15.26,8.04,74.0,6.2,289.3,0.163,0.023,-0.659,31
100-2,33.66,-28.07,17.94,90.2,-177.0,42.5,-0.753,-0.091,-1.945,38
100-3,13.09,-19.75,11.39,113.2,-225.5,7.7,-0.600,-0.081,-1.882,36
100-4,-4.23,-11.78,30.58,181.5,-258.2,-50.7,-0.684,-0.193,-1.732,37
100-5,-28.55,15.19,27.57,249.5,-289.4,-148.1,-0.816,-0.027,-1.032,65
100-0,12.93,-47.25,-39.48,131.2,-838.3,49.7,-1.231,0.303,-0.405,93
100-1,94.78,28.00,11.58,-126.9,-50.1,418.2,1.092,0.152,0.577,31
100-2,33.49,-14.30,23.66,-1.2,-554.2,130.4,0.849,-0.162,-0.682,40
100-3,15.01,-3.46,15.08,26.3,-622.8,32.1,1.073,-0.061,-0.784,36
100-4,2.90,5.08,31.98,183.0,-603.3,-29.8,0.913,0.541,-1.079,38
100-5,-19.22,34.49,26.43,243.4,-653.8,-192.6,0.561,0.861,-1.168,65
100-0,12.55,-11.44,-33.70,-41.9,-1085.3,120.5,-0.058,0.689,-0.785,93
100-1,88.23,46.29,12.68,-255.8,4.2,592.6,1.543,0.249,0.635,33
100-2,30.50,9.33,30.93,-130.0,-768.1,211.3,2.018,-0.139,-0.208,40
100-3,14.44,21.67,19.86,-108.9,-858.6,49.5,2.443,0.023,-0.779,36
100-4,9.10,31.36,36.84,62.9,-936.2,-57.7,2.547,0.687,-1.243,37
100-5,-12.91,67.40,25.93,98.7,-1093.2,-202.9,2.290,0.861,-1.695,65
100-0,7.95,24.30,-31.69,-254.1,-935.9,119.7,0.422,0.112,-0.363,93
100-1,76.80,69.79,9.90,-211.9,-156.8,696.6,1.778,1.277,0.431,30
100-2,29.63,44.11,43.53,-246.6,-1380.3,176.4,3.453,-0.308,-1.476,41
100-3,19.85,62.75,34.76,-154.9,-1612.3,7.5,4.827,-0.665,-1.533,37
100-4,47.04,73.56,79.06,87.2,-1779.5,-128.0,4.851,0.815,-1.889,38
100-5,171.50,58.53,-146.79,-362.4,-1714.0,-377.6,5.112,1.590,-2.574,65
100-0,-12.36,60.78,-40.14,-554.9,-1228.3,211.5,1.122,-0.168,-1.073,93
100-1,77.65,87.74,17.71,-103.6,-58.7,285.6,1.966,-0.499,0.957,28
100-2,136.36,75.77,161.23,-97.1,-1085.8,324.9,5.176,0.126,2.366,41
100-3,163.96,60.20,-173.23,-32.9,-1016.1,65.1,5.798,-1.204,2.883,37
100-4,157.35,46.62,-168.90,117.8,-862.9,-56.1,5.378,-1.281,1.760,38
100-5,156.70,15.01,-153.63,-40.7,-539.7,-261.3,4.910,-1.775,-0.592,65
100-0,-119.51,72.12,-135.28,296.1,417.4,250.5,5.455,-2.499,-4.018,92
100-1,-84.17,83.51,-148.51,179.5,122.6,-38.5,2.229,2.905,1.135,27
100-2,173.93,64.02,-163.42,229.4,126.8,79.2,4.150,-0.129,0.976,40
100-3,176.93,48.01,-163.82,296.7,297.5,72.6,3.982,-0.862,0.049,38
100-4,168.93,41.14,-163.34,302.2,381.6,92.4,3.793,-0.664,-0.747,38
100-5,167.53,19.41,-152.33,417.0,456.4,241.2,3.302,-0.275,-1.659,65
100-0,-47.88,62.24,-80.14,559.2,630.6,112.8,1.648,0.504,-1.140,92
100-1,41.91,81.27,-29.54,247.3,170.2,-420.9,1.446,0.092,0.855,21
100-2,166.47,84.60,-178.95,173.9,919.8,-97.5,3.190,0.315,0.035,40
100-3,-163.49,70.96,-154.09,240.2,1045.5,24.9,3.079,0.309,-0.915,38
100-4,-174.85,69.72,-154.40,76.2,1181.2,223.5,2.332,0.906,-1.544,38
100-5,-157.37,54.99,-125.70,469.5,1608.1,607.4,3.482,1.762,-1.566,65
100-0,-15.14,30.22,-56.36,337.3,1196.0,-19.1,0.368,0.184,-1.048,93
100-1,55.32,62.21,-24.14,184.1,430.4,-394.9,0.724,-0.703,-0.273,28
100-2,9.11,49.29,18.23,157.2,1451.0,-20.1,2.520,-0.603,-1.780,41
100-3,-12.35,55.85,-3.79,10.5,1589.7,82.9,2.704,-0.027,-1.316,37
100-4,-17.38,57.12,5.25,-38.9,1514.2,180.5,2.301,0.827,-1.422,37
100-5,-41.11,59.76,-3.16,-404.6,1433.2,-35.0,1.549,0.125,-1.568,65
100-0,-6.88,-12.68,-49.14,-91.1,1279.3,184.2,-1.036,0.877,-2.089,93
100-1,55.25,45.54,-33.46,213.9,216.2,-302.9,0.055,0.727,-1.203,28
100-2,9.08,5.56,9.66,124.6,825.7,0.0,-0.121,0.372,-2.311,42
100-3,-6.52,10.01,0.93,191.6,703.4,88.2,-0.160,0.017,-1.970,37
100-4,-13.09,17.14,13.82,62.9,669.5,53.8,0.058,-0.627,-1.131,38
100-5,-32.19,27.93,18.86,39.4,560.7,281.1,0.121,-0.363,-0.346,65
100-0,-6.98,-47.64,-50.51,104.8,484.1,139.8,-3.693,-0.410,0.250,93
100-1,66.67,39.16,-26.73,185.8,-95.4,-121.0,0.399,0.377,0.425,30
100-2,15.55,-8.33,7.54,198.8,194.0,15.2,-0.247,-0.239,-0.113,39
100-3,-0.45,-3.60,-0.35,156.8,259.6,82.5,-0.357,-0.202,-0.622,37
100-4,-9.70,2.04,14.21,106.5,253.4,61.9,-0.439,0.016,-0.748,38
100-5,-31.09,11.28,20.45,43.2,272.3,154.4,-0.519,-0.001,-0.946,65
100-0,3.83,-40.69,-54.05,301.5,-376.7,15.0,-0.448,0.305,0.021,93
100-1,73.47,37.68,-23.00,73.9,-66.7,-4.4,0.243,0.460,0.290,31
100-2,21.36,-11.70,5.45,87.4,-6.1,12.4,-0.509,0.533,-0.397,40
100-3,5.48,-9.01,-2.71,53.8,-34.4,17.6,-0.426,0.535,-0.784,36
100-4,-7.06,-1.67,13.39,35.5,-64.3,-0.9,-0.496,0.578,-0.899,38
100-5,-29.31,7.73,19.21,30.9,-121.1,-23.9,-0.374,0.558,-0.801,65
100-0,9.53,-32.20,-52.28,-48.1,-145.4,-41.6,-0.502,1.034,0.801,93
100-1,73.56,39.85,-21.44,-112.5,-34.7,96.8,0.252,0.376,0.236,30
100-2,21.16,-8.61,7.19,-62.1,-208.7,-43.0,-0.321,0.428,-0.530,41
100-3,5.42,-3.69,-0.97,-62.8,-296.2,-87.6,-0.119,0.358,-0.739,37
100-4,-6.77,6.13,14.59,-24.1,-382.7,-109.8,-0.077,0.248,-0.833,38
100-5,-29.94,19.25,15.56,-3.1,-589.5,-114.3,-0.007,0.179,-0.790,64
100-0,0.52,-26.50,-48.70,-253.2,-302.5,-121.1,-1.110,-0.090,0.544,93
100-1,66.46,45.70,-22.67,-220.4,-44.5,232.5,0.527,0.026,0.177,31
100-2,17.07,1.75,12.84,-113.9,-437.4,-66.0,0.331,0.036,-0.554,41
100-3,3.09,12.54,4.31,-89.7,-572.2,-136.0,0.877,0.032,-0.532,37
100-4,-6.26,27.72,17.92,-13.1,-634.5,-181.0,1.309,0.255,-0.233,38
100-5,-37.09,48.22,3.15,-11.7,-838.3,-222.5,1.762,0.369,-0.068,64
100-0,-6.15,-5.76,-44.13,-28.2,-829.7,-181.9,-0.453,-0.325,0.124,93
100-1,52.28,56.43,-28.17,-302.8,-67.5,341.2,1.076,0.101,0.745,32
100-2,14.56,20.64,21.03,-97.2,-646.5,-80.3,1.592,-0.412,0.032,41
100-3,2.25,35.65,11.21,-97.4,-694.9,-143.6,2.098,-0.507,0.288,36
100-4,-1.99,50.65,24.99,3.0,-663.7,-219.5,2.350,-0.010,0.224,38
100-5,-61.52,75.06,-23.22,-51.5,-614.2,-357.6,2.614,-0.144,0.334,64
100-0,-5.28,30.28,-41.99,28.2,-1134.7,-153.3,1.031,-0.170,-0.321,93
100-1,28.71,64.86,-44.47,-195.2,11.0,281.5,1.488,0.533,1.063,30
100-2,18.37,43.72,32.25,-24.1,-681.0,-68.0,2.662,-0.522,1.507,41
100-3,7.60,60.59,21.23,-14.7,-659.8,-105.4,2.909,-0.953,1.729,37
100-4,21.04,72.43,49.11,58.8,-556.1,-175.5,3.009,-0.684,1.259,38
100-5,-174.30,76.80,-136.71,5.8,-490.8,-294.0,3.093,-0.985,0.928,64
100-0,-18.80,68.32,-52.13,-437.6,-855.9,175.8,3.442,0.301,-0.504,93
100-1,12.25,65.87,-59.64,6.9,40.0,63.2,1.464,1.154,1.865,28
100-2,28.93,59.40,45.73,-41.1,-241.3,7.4,2.873,-0.512,3.580,41
100-3,22.59,75.85,37.59,4.3,-142.3,11.3,2.772,-1.520,3.387,38
100-4,71.39,79.57,98.27,21.4,-16.2,33.6,3.173,-1.240,2.323,38
100-5,178.12,71.84,-145.13,19.4,109.1,115.2,2.567,-1.500,0.773,65
100-0,-38.10,67.78,-65.67,192.7,463.0,130.8,2.467,-0.845,-0.361,93
100-1,18.71,62.48,-55.94,201.2,126.8,-186.2,1.350,0.869,1.509,17
100-2,22.88,55.70,38.94,9.9,436.5,94.1,2.713,-0.819,2.441,42
100-3,6.42,68.24,19.84,35.1,527.2,173.7,2.792,-1.381,2.001,38
100-4,15.22,75.53,41.82,-2.4,498.6,272.8,2.936,-0.950,1.299,39
100-5,-125.19,77.95,-88.82,90.7,469.5,390.3,2.766,-1.011,0.677,64
100-0,-22.23,45.92,-57.12,286.3,716.2,199.1,1.283,-0.188,-0.265,93
100-1,38.54,53.60,-44.21,309.5,112.5,-331.1,0.931,0.460,0.929,22
100-2,13.04,39.07,23.52,84.4,602.6,186.5,2.007,-0.501,0.783,42
100-3,-5.13,46.45,3.81,82.7,674.6,279.3,2.108,-0.501,0.541,38
100-4,-10.98,53.95,12.61,31.0,662.6,354.8,2.130,-0.089,0.292,38
100-5,-59.38,60.14,-23.79,75.5,640.4,480.0,1.685,-0.067,-0.078,65
100-0,-10.73,13.68,-54.40,294.9,1069.5,150.7,0.454,0.134,-0.764,93
100-1,56.20,42.95,-35.02,312.6,35.3,-330.8,0.303,0.390,0.280,23
100-2,11.06,17.56,10.85,121.4,687.2,189.8,1.392,-0.052,-0.034,42
100-3,-7.32,20.66,-5.11,75.2,713.4,312.5,1.467,-0.118,-0.057,37
100-4,-17.20,28.35,3.26,-26.5,621.3,382.3,1.290,0.288,-0.191,38
100-5,-52.09,36.29,-15.11,10.9,487.7,498.2,1.055,0.203,-0.035,65
